32
8364
57411
57412
57413
57414
57415
57416
57422
57452
57505
57506
57507
57508
57509
57510
57516
57532
57537
57543
57561
57599
57600
57601
57602
57603
57610
57628
57630
57652
57655
57693
57694
57695
57696
57697
57704
57720
57721
57723
57728
57733
57735
57740
57741
57744
57745
57749
57786
57787
57788
57789
57790
57791
57792
57798
57815
57819
57826
57828
57833
57838
57840
57841
57881
57882
57883
57884
57885
57886
57892
58629
58635
58637
58641
58659
58728
58729
58749
58754
58755
58821
58826
58921
58930
58939
58943
58948
59047
59110
59115
59131
59206
59207
59209
59213
59216
59218
59223
59238
59244
59245
59246
59346